lowGainB 0.630252 16 0 0 0 0 0 0 0 0 0 0 0.563025 0 0 0 0.563025 0
;
lowGainA 0.386555 64 0 0 0 0 0 0.226891 0.226891 0.386555 0.168067
0.168067 0.386555 0 0 0 0.386555 0 0 0 0 0 0 0 0 0 0 0 0 0 0 0 0 0
0 0 0 0 0 0 0 0 0 0 0 0 0 0 0 0 0 0 0 0 0 0 0 0 0 0 0 0 0 0 0 0;
lowGainR 0.361345 64 0 0 0 0 0 0.176471 0.176471 0.361345 0.151261
0.151261 0.361345 0 0 0 0.361345 0 0 0 0 0 0 0 0 0 0 0 0 0 0 0 0 0
0 0 0 0 0 0 0 0 0 0 0 0 0 0 0 0 0 0 0 0 0 0 0 0 0 0 0 0 0 0 0 0;
spiCompress 0.558889 64 0.915966 0.563025 0.563025 0.563025 0.554622
0.558889 0.558889 0.558889 0.558889 0.558889 0.558889 0 0 0 0.558889
0 0 0 0 0 0 0 0 0 0 0 0 0 0 0 0 0 0 0 0 0 0 0 0 0 0 0 0 0 0 0 0 0 0
0 0 0 0 0 0 0 0 0 0 0 0 0 0 0.563025;
fcompress 0.50437 64 0.243697 0.243697 0.478992 0.243697 0.226891 0.672437
0.395126 0.50437 0.65563 1 0.50437 0 0 0 0.50437 0 0 0 0 0 0 0 0 0
0 0 0 0 0 0 0 0 0 0 0 0 0 0 0 0 0 0 0 0 0 0 0 0 0 0 0 0 0 0 0 0 0 0
0 0 0 0 0 0.243697;
alphaInvert 0 64 0 0 0 0 0 0 0 0 0 0 0 0 0 0 0 0 0 0 0 0 0 0 0 0 0
0 0 0 0 0 0 0 0 0 0 0 0 0 0 0 0 0 0 0 0 0 0 0 0 0 0 0 0 0 0 0 0 0 0
0 0 0 0 0;
spiGain 0.5 64 0.5 0.532017 0.632857 0.632857 0.5 0.567471 0.491849
0.5 0.5 0.5 0.5 0 0 0 0.5 0 0 0 0 0 0 0 0 0 0 0 0 0 0 0 0 0 0 0 0 0
0 0 0 0 0 0 0 0 0 0 0 0 0 0 0 0 0 0 0 0 0 0 0 0 0 0 0 0.632857;
smoothExt 0.145462 64 0 0.00260504 0.00260504 0.0446218 0.0446218 0.0446218
0.0446218 0.145462 0.145462 0.145462 0.145462 0 0 0 0.145462 0 0 0
0 0 0 0 0 0 0 0 0 0 0 0 0 0 0 0 0 0 0 0 0 0 0 0 0 0 0 0 0 0 0 0 0 0
0 0 0 0 0 0 0 0 0 0 0 0.00260504;
smoothInt 0.0504202 64 0 0.0504202 0.0504202 0.0504202 0.0504202 0.0504202
0.0504202 0.0504202 0.0504202 0.0504202 0.0504202 0 0 0 0.0504202 0
0 0 0 0 0 0 0 0 0 0 0 0 0 0 0 0 0 0 0 0 0 0 0 0 0 0 0 0 0 0 0 0 0 0
0 0 0 0 0 0 0 0 0 0 0 0 0 0.0504202;
rMin 0 64 0 0 0 0 0 0 0 0 0 0 0 0 0 0 0 0 0 0 0 0 0 0 0 0 0 0 0 0 0
0 0 0 0 0 0 0 0 0 0 0 0 0 0 0 0 0 0 0 0 0 0 0 0 0 0 0 0 0 0 0 0 0 0
0;
compress 0.352941 64 0.361345 0.092437 0.092437 0.319328 0.319328 0.756303
0.756303 0.352941 0.0420168 0.0420168 0.352941 0 0 0 0.352941 0 0 0
0 0 0 0 0 0 0 0 0 0 0 0 0 0 0 0 0 0 0 0 0 0 0 0 0 0 0 0 0 0 0 0 0 0
0 0 0 0 0 0 0 0 0 0 0 0.092437;
fBW 0.184874 64 0.403361 0.403361 0.579832 0.403361 0.403361 0.403361
0.403361 0.184874 0.495798 1 0.184874 0 0 0 0.184874 0 0 0 0 0 0 0
0 0 0 0 0 0 0 0 0 0 0 0 0 0 0 0 0 0 0 0 0 0 0 0 0 0 0 0 0 0 0 0 0 0
0 0 0 0 0 0 0 0.403361;
fMin 0.00302521 64 0 0.00302521 0.00302521 0.00302521 0.00302521 0.00302521
0.00302521 0.00302521 0.00302521 0.00302521 0.00302521 0 0 0 0.00302521
0 0 0 0 0 0 0 0 0 0 0 0 0 0 0 0 0 0 0 0 0 0 0 0 0 0 0 0 0 0 0 0 0 0
0 0 0 0 0 0 0 0 0 0 0 0 0 0 0.00302521;
gain 0.123782 64 0 0.210084 0.260504 0 0.285714 0.140616 0.317059 0.123782
0.434706 0.409496 0.123782 0 0 0 0.123782 0 0 0 0 0 0 0 0 0 0 0 0 0
0 0 0 0 0 0 0 0 0 0 0 0 0 0 0 0 0 0 0 0 0 0 0 0 0 0 0 0 0 0 0 0 0 0
0 0;
rect 0.5 64 0.5 0.5 0.5 0.5 0.5 0.5 0.5 0.5 0.5 0.5 0.5 0 0 0 0.5 0
0 0 0 0 0 0 0 0 0 0 0 0 0 0 0 0 0 0 0 0 0 0 0 0 0 0 0 0 0 0 0 0 0 0
0 0 0 0 0 0 0 0 0 0 0 0 0 0.5;
invert 0 64 0 0 1 1 1 1 0 0 0 0 0 0 0 0 0 0 0 0 0 0 0 0 0 0 0 0 0 0
0 0 0 0 0 0 0 0 0 0 0 0 0 0 0 0 0 0 0 0 0 0 0 0 0 0 0 0 0 0 0 0 0 0
0 1;
